Gene	HN_1	HN_3	HN_5	DCIS_1	DCIS_3	DCIS_5	HN_2	HN_4	HN_6	DCIS_2	DCIS_4	DCIS_6
"2335"	7.27466200187891	6.98542231250632	7.39741331655861	10.3619059212754	6.79809659160078	9.10299243769319	6.96277067683138	6.86325501841837	7.12517984501035	10.1166850617731	8.00478425821726	7.36693778909605
"1311"	6.72512240810094	6.40601213921646	6.33295900449577	8.95723938656528	6.34085656252072	6.51735821110963	6.6889358251747	6.70818970352038	6.86242119183106	7.28646114339761	8.63977258325256	6.80769681788365
"1278"	8.8730536924673	9.40749239368071	9.03570746634402	11.1329315648233	8.0176819184407	10.131139837481	9.1112080549997	8.22140264327962	9.14137647102595	10.2436494057932	9.75198076110071	8.44707480022517
"7057"	6.82345813946416	7.20499692260933	7.28435540339067	8.06307164582404	7.83743575263852	8.73397474240975	7.02529363446574	6.96032467530337	7.47568260754721	7.27407584773633	7.15836228280052	7.57106393875484
"7058"	8.21687565297199	8.70514960041584	7.65701603494454	9.68923884548138	7.977282372324	8.46083654156641	7.80819058577585	7.44108181539211	7.85856182979909	8.77182743047875	8.93602335608632	7.51905277883621
"6696"	7.38068870755235	6.72484232964712	7.58988810348676	9.78321985321181	7.21002679030159	8.77686849553856	7.29939593113025	7.51974489268929	7.67748532659135	7.57974664611035	7.00386699487391	7.45255796733332
"1277"	7.2036769283659	7.77159765762368	7.53307713717238	9.19550871120942	7.29964187809122	8.3525704179074	7.711129626801	7.16239268464467	7.56950927461805	8.70765889310644	7.60423155982139	7.13435615757044
"8503"	6.75066729919735	7.45812841431061	8.33455936176742	7.3428090163275	7.23539497141199	9.80231940989247	7.6874323625168	7.1866287784607	8.18706808832786	7.82305316156883	7.86457992261673	8.80344888060141
"5062"	6.99205346624591	8.07267475395595	8.70130978570038	7.40663965771954	8.28966886432726	9.25144894075138	7.86719237811488	7.03566362422226	8.50328115422033	8.2284019606556	7.77338170056969	9.19149500725968
"1301"	6.89709489906755	6.82602535641575	6.85837285581521	8.60541278391965	6.64160295690233	6.7215491365923	7.24286508268693	7.6095138883868	6.88439736305677	8.26708499491447	8.30839791695564	6.7002760139377
"2064"	7.91949550248577	7.2408547343751	7.12661607037192	7.65125112438173	7.36773073207616	7.21848082428636	7.44865204679713	8.49837830661996	7.11309943873716	7.24135329645806	11.2535487472611	7.33589192145515
"387"	9.24771667594696	10.0437820785138	10.9998161428156	10.5357655225116	10.6240349514008	11.3824896125882	10.3943739548326	8.78640550876498	10.9504788754808	10.5929900869427	8.46748109289326	11.1900167322615
"3371"	9.81591791143037	8.10554003639514	8.46558813202068	10.3428455576874	8.12459169025204	8.37580166564742	8.79767825311157	7.40197304271779	8.73173440755549	9.90640117443838	8.26976289158116	8.50003040579423
"1289"	7.7198094512896	7.94580587813521	7.40560547671706	8.48825664642817	6.9089562031279	8.16098696731085	8.00342925020343	7.13010662700972	7.25155261697008	8.64578509934468	8.25394189055056	6.96843149305035
"5602"	7.83716113175439	8.03602065355459	8.13962364649424	8.19297890631279	7.33884313779432	8.26536877620038	7.68506500705762	7.97890156481722	8.15199620714688	7.9089246596413	9.47385830282769	8.33723120339471
"7060"	7.93949494466065	6.91662632583976	6.88647445845601	10.4535898958312	6.92331362496387	6.85166692639913	7.95555099528739	7.83789975478221	7.14505800927139	7.21398143912287	7.86714209992417	6.87692570902609
"330"	7.06789300261156	7.09229475269091	6.86279264975889	7.75999884468903	7.20621964206283	8.888091780303	7.18266412362223	7.59076634718441	6.39525338038141	7.09358289266171	6.07139335896935	6.57083210488732
"1101"	7.17194936309096	7.90857002901674	7.3473152538191	8.89565459114361	8.23468829711553	7.14584458686409	8.12133756686395	7.96002754676143	7.72321249577469	8.87853064764424	6.97491770659946	7.3844773970256
"1290"	7.26670985674961	7.79366962383538	7.56419252602723	8.24967478144659	6.83773273738061	7.9117085092842	7.94992027773813	7.04902913417873	7.58706820057293	8.43870116265383	7.5189133594969	7.19123817828294
"10451"	7.82398556012567	9.72951933497744	10.0691537561982	8.29920016795633	8.93042137552506	10.2869130362164	8.69829014265594	8.19501901812504	9.73781189752139	9.02951554518316	8.24206546456091	10.4003961586367
"1282"	7.65154836082189	8.14578832860881	8.46105772865399	9.8830599935817	6.67383420097947	8.04523325379321	8.8621104023283	7.2784245540654	8.68600669912677	8.51797333922965	7.92378201915025	8.42031938588939
"1293"	9.42930437355734	9.14425731227539	9.28876929529435	10.9540623258284	7.94894466824162	9.81496444350085	9.74159032237398	8.55207066668023	9.11657550155176	9.5701196205111	9.04408038722188	8.26534276785908
"2317"	9.40607463816703	9.20526910776521	9.07218025287935	9.56969350818587	9.01420963717759	9.39264269769674	8.39001309584789	9.88158193648042	9.01215829797928	9.17347814795847	8.61041220821637	9.35801361535074
"56034"	9.18130877526115	9.21651697607665	8.91312156500564	10.1077143944423	8.85405061867342	8.88157783403081	8.48960210984252	8.72856204037565	8.59245208086333	8.08385372697892	7.82026921051311	9.34081202433093
"1281"	8.89444523959934	10.1914774220399	9.51787729694913	11.0761079160061	7.81897274820764	10.0721166174922	10.4478961738637	8.15642620434815	9.73848638939378	10.3095400645422	9.23358600687225	8.39255838186384
"596"	6.91869584096944	8.25414099113245	8.69029293366078	7.77425843671593	7.11742114645237	9.08756203885863	7.5312013745047	6.7126907454066	8.57383269553508	7.22050519901709	6.0817127233908	8.73574091938324
"3791"	7.2028967712189	7.30307889093525	7.17193431788403	7.60312268412211	6.53574592852266	6.74552603833212	7.44935564131301	6.64365098275375	6.92148509286988	6.65507213483473	6.83578149648484	7.43594402866466
"4233"	7.12928994907308	7.32934315262376	8.36374582215324	6.71845330386373	8.21428585157827	7.82377133985395	8.41312781680698	7.20469051856096	7.81007794760523	7.70480784564091	6.71218089747507	7.94952337397118
"1287"	8.57774386839451	9.57343873937942	9.88691656652029	8.85668062167246	8.74589271116669	10.6127839927904	9.91222799233012	8.81419881603044	9.73987290046068	9.33811040681134	8.31319844596345	9.49146397938572
"5293"	7.50683444914375	8.25112907358046	7.36508330060182	7.14319634017343	9.05377468868255	7.36319093795028	7.5412838916593	8.33878919220447	7.15698178283647	7.00233949788279	6.96965130529802	7.11336612751015
"1284"	8.80076149165547	7.65422279006033	7.50921999993355	9.85050655528242	6.59889063841222	6.56364995830559	8.57392634050616	8.38114547975112	7.85036898611456	7.33740876665233	9.14029292877749	7.45094826823532
"1950"	7.68109762242484	8.33891585836513	8.1277677000905	7.29191379355922	7.79352003495286	7.33877149570724	7.24877640823243	6.89195178414164	7.40447011882458	6.94537204874141	6.98275270422756	7.08598508629281
"1288"	7.04785737432976	8.16510759777812	9.22001689636561	7.01675087481201	6.52870401903726	10.5737953807423	9.08056202952277	6.95489605414541	8.75594246625972	7.57752257132148	6.73574635645396	8.06149544029211
"3908"	7.78306482424943	7.12075652794891	7.20698428198958	7.5492725100572	6.72440468659073	6.73019185251159	7.9050461606738	7.1513854163293	7.18251110523889	6.60288664232322	6.71948840024362	7.12587901241591
"858"	8.40943541930611	8.2723280507834	8.49589550632802	7.75794763961017	7.47409140843803	7.31967099587053	8.39692792270347	7.38748854619428	8.09171308538125	8.35049641897314	7.24269361042541	7.95096891849843
"5295"	9.14560939275262	9.13386561681563	9.51181358134096	8.96018882066457	8.84518693616795	8.81241750109693	9.16410659995288	9.17466436653887	9.33700329066003	7.91171337190509	8.79867127613954	9.02404636468146
"3679"	8.28513197926473	7.08148732457584	6.90277841204556	8.14840268557927	6.47977892442398	6.51747900960258	7.77160023656815	9.06119118642928	7.36171990202197	6.73070002910526	8.04261777146725	7.38798332801422
"57144"	7.32442181140281	7.43171031308744	7.36465051030134	6.75721728284717	6.75780431680904	6.84686236440322	7.52522541767412	7.22047010663299	7.3080500625889	6.7587364701848	6.71757075589731	6.85931479147414
"87"	11.0745844425054	8.61810736331005	8.5345771463596	9.61133326821197	8.5511559089432	8.05298571735824	8.53235959022564	10.9147829384233	8.76424210562046	8.33080036054063	9.88157758077751	8.41173966121496
"3915"	7.86741243776479	8.94635425913075	8.76728325966219	8.26021324541723	7.97624413226467	8.09961749904889	8.91740565556146	7.67481685837493	9.00941542794742	7.76411075556384	7.23282725834548	8.16849212404201
"3912"	8.38436457382998	7.6788753344834	7.06249175475429	7.92706399400162	6.20299992222531	6.47042004432603	7.82528768376652	6.90664520094559	6.87336700818179	6.80130004758091	6.89488348218807	6.42803240956414
"10398"	8.54012538036804	6.97769468156682	6.96913931582452	7.31607479561886	6.54588789860922	6.51920691649141	8.0246733695148	8.00814173921217	6.8949808292086	6.98205115440833	7.28357937184448	6.7094204641603
"3910"	7.51301696362043	8.4507515796102	7.2342279494079	8.38690979860569	6.43315614365111	6.69808220995047	8.86475079653533	7.03114706709091	7.94250518398343	7.45428962720044	6.70663466768223	7.1140994319303
"3655"	8.32562502822543	8.91780582786473	8.55593118774787	8.4109976211624	8.86252080222818	6.91403314424725	8.30605737207595	8.39756962885161	8.66249795347225	5.53883563106915	8.07239426738937	8.43452437982614
"857"	9.41165053298844	8.7203617233989	9.1149321181032	9.42255120970878	7.25251931210392	7.66625071720724	9.03029745830176	8.21832651553681	8.62649068167506	8.30211754233793	7.24929571392903	8.1864926361983
"2316"	9.46941417823941	7.69545234187082	7.62397626160051	8.05108426609709	7.06003680240434	6.94857442321034	8.29367936356996	9.74005814733182	7.57188161106705	7.41965275932366	9.02587900611296	6.73922992427013
"1956"	8.56354485715148	8.22995374157845	7.86484484615035	7.14438402784363	7.80921930147217	6.97896022163919	8.40438919691242	8.5957751009582	7.3593889010926	7.28862149775029	7.58607805930358	7.01682043727094
"5063"	7.8817653150247	8.79045168890194	8.64274277219853	7.07982596605701	8.27910267976401	7.80757601658125	9.03057685664182	8.43213975125479	8.96197982621111	7.32440718816489	7.60055537568452	8.27626207562808
"5156"	9.22956882900464	8.77682474088846	9.58319019802481	8.42094624844703	8.67557702753887	8.7491671741535	10.0510254001906	8.20375862344599	9.13117973044883	7.62611743238246	7.23031824730098	8.85246299903914
"5649"	7.5841360194754	9.11817133972826	7.51850106078737	7.47606417086923	7.43504136529553	7.48048026097844	9.44219980782156	7.57204316138026	8.72427458615596	7.08127228897762	7.43545491026414	7.60906412625476
"3918"	8.51479716818965	8.08854153268997	8.72977821775707	6.97096173960641	7.31510285337827	7.49104650477984	8.35130793930717	7.09115411957841	8.28566754332651	7.99594537483499	6.67491753160564	7.05248768346621
"80310"	9.01909627286711	8.82518051184208	9.01969552843627	8.80536415930668	7.48954264091123	7.42062861006489	10.4409760261498	7.88769032319711	8.99028570388958	8.04560056292693	7.15067459996503	9.17615879497001
"3909"	8.3554104363965	8.99521699248128	9.25542076110849	7.9043367836714	7.60307635982577	8.62658753342701	10.1197312396418	8.42840774500786	9.0162830825161	7.84022344449692	6.9048835328901	9.18705494730594
"894"	7.95961030055526	8.88836401096665	8.75632623685993	7.6565097850081	7.25017250566601	7.21241870202224	8.27051214831485	6.58985579641388	8.37264910472395	6.88768620753745	6.33247593629689	7.38486359350566
"8515"	8.07701993691699	8.3485223666657	7.97974699068342	7.31734200291698	7.19997044441194	7.27677245585335	9.08486520277564	9.21967385307963	8.37828297029751	7.95576714243496	7.27928872711466	7.56078222227931
"5154"	7.4290454292123	9.15057501123841	9.06263177479381	7.31116874301116	7.42812057578837	7.46734699710973	8.32874457836363	7.74983909692506	9.43666553797671	6.89280542318545	6.99821929273755	8.11282763589943
"3479"	8.19987953913686	8.87838798947922	8.31710410010525	8.09981851157184	7.09568017435898	7.13721485103254	9.95266693800218	7.19898671348699	7.9187736871406	6.96674828123332	7.02357154480756	7.15171042023397
"3914"	8.91038629579912	8.89267596482986	9.30786772853479	7.80918823910106	7.44161180671381	7.74129661950249	8.7661482322976	8.54113268342009	8.88614901201237	7.84752602946151	7.10763967481745	7.47526688296298
"63923"	8.77876954345271	9.20425192712931	8.98305495645591	8.03730696715931	7.14829457987809	7.24483806527649	10.1500318945908	7.75198314920647	8.77918582863025	7.10146087215352	7.31146888035813	7.93495696177968
"2277"	8.16393006211817	9.98453485432011	7.93889439595481	6.81173800265238	6.81503840969088	6.5917581176923	9.77370624472728	7.00125504229843	7.90401792950302	6.5686228656997	7.44458919354706	6.72135071671773
"4638"	11.6582141606746	10.964480011457	11.2522145210091	10.4084156484072	8.33433860535772	7.77843089770259	11.0444118429757	11.5456349499151	10.9911060163646	9.38404894615526	9.17758359967002	8.83589102050962
